1.15931 0.89346 0.802276 0.166377
5.3227 0.491951 0.453776 0.596091
5.73348 0.985895 0.123306 0.33284
1.2409 0.961873 0.63981 0.375387
5.91113 0.41471 0.15982 0.571791
0.538828 0.660229 -0.137627 0.452674
5.87837 0.993039 0.345593 0.330442
5.09863 0.987267 0.338542 0.408452
#
2 7 5 4 7 7 2 4 1 2 5 5 2 1 5 1 2 2 6 4 2 2 1 2 2 1 6 7 2 2 5 4 7 7 5 5 4 7 1 1 1 6 6 1 5 2 6 1 2 7 5 1 7 4 2 6 2 1 5 5 5 6 6 6






1.518  0.768  0.937 0.523
6.018 -0.822  1.459 0.873
0.004  0.759  0.880 0.989
4.149 -0.693 -0.903 0.880
1.399  0.693 -0.724 0.758
6.104 -0.951 -0.077 0.852
2.195  0.703  0.864 0.572
1.278  0.249  1.447 0.715
